2
6
3
7
3
8
9
1
7
10
3
11
10
21
20
21
8
8
18
18
8
21
11
19
17
22
15
23
22
15
24
31
30
35
35
37
30
31
27
25
41
40
38
28
41
28
28
44
35
41
40
43
36
40
38
52
37
39
53
44
53
55
53
49
60
50
60
58
61
64
72
60
58
70
67
75
72
67
82
72
84
72
75
75
71
77
71
75
73
88
87
86
80
93
84
97
80
82
101
87
90
85
88
99
106
107
102
93
105
98
115
108
109
118
103
114
111
112
113
116
112
119
109
110
127
123
113
125
115
129
117
116
129
141
124
129
145
139
142
140
132
142
144
131
145
150
132
153
142
142
141
142
145
154
157
156
152
154
146
153
161
169
159
161
148
152
168
155
164
153
169
168
170
164
170
173
169
177
179
171
175
182
181
168
176
190
174
173
185
186
191
189
187
190
181
191
188
193
192
195
195
199
185
196
195
200
193
186
184
192
202
202
200
209
202
196
205
200
213
200
205
221
216
224
222
213
222
215
213
212
221
223
227
221
215
221
229
220
224
226
235
232
230
253
249
233
234
240
240
253
255
245
264
247
260
263
261
270
249
258
264
256
257
272
256
270
264
270
281
262
259
262
271
281
264
279
264
281
288
282
287
269
292
290
285
279
285
286
291
286
292
299
292
282
297
287
297
306
289
292
303
308
296
288
296
302
310
309
300
316
303
295
314
303
313
313
313
322
314
316
323
303
303
315
313
321
322
314
333
309
334
328
313
318
324
329
318
326
337
318
317
323
334
343
337
350
335
348
350
350
330
358
355
333
342
350
342
359
355
347
356
353
362
357
370
357
357
360
361
353
368
355
365
374
355
376
359
363
372
371
382
361
369
383
363
386
369
391
393
389
375
384
391
380
401
392
398
410
392
413
405
421
418
416
411
413
416
414
422
402
404
421
409
413
423
423
430
425
411
426
410
423
436
423
416
424
433
439
432
434
428
422
423
437
428
439
447
446
426
441
430
429
439
448
451
450
443
457
455
464
458
467
457
467
459
460
464
452
466
454
478
466
472
462
476
474
463
461
467
474
477
483
483
484
481
477
491
477
480
485
472
484
487
488
483
485
487
500
492
482
488
489
484
503
506
489
512
497
505
510
493
496
511
498
510
514
503
512
503
519
511
508
504
518
523
529
520
520
508
527
525
529
515
538
519
537
538
515
526
537
541
535
538
532
547
527
548
534
548
543
540
549
536
549
539
541
547
540
550
556
542
555
557
548
545
543
546
541
558
549
556
549
556
556
559
573
574
565
565
555
561
561
565
580
576
565
576
577
570
578
588
585
587
591
589
585
584
595
596
593
584
593
600
604
600
589
602
584
596
591
588
589
609
601
601
600
601
607
617
616
604
605
618
617
598
623
608
622
626
610
611
624
606
608
617
629
625
625
624
627
636
625
619
626
627
639
620
634
626
629
619
644
627
625
626
648
635
629
646
648
637
646
629
651
634
637
634
641
655
655
649
658
637
662
657
664
667
643
654
659
651
648
658
668
673
650
662
673
652
653
650
668
667
671
663
662
670
675
678
673
678
687
688
674
678
676
683
692
681
676
685
703
694
694
705
679
699
695
704
702
685
701
696
711
690
686
695
690
689
716
701
718
704
712
693
705
711
704
724
723
698
700
726
706
718
724
713
705
721
729
717
728
712
725
710
734
741
734
722
745
726
734
737
723
734
745
753
757
741
756
740
736
758
753
762
756
757
767
752
748
750
757
754
748
771
758
760
763
760
763
759
759
778
777
758
773
763
771
766
769
788
775
786
789
787
783
774
796
798
790
798
798
781
778
786
783
805
811
807
800
802
788
801
808
790
813
815
827
827
829
813
824
833
812
818
823
814
818
836
825
832
815
840
815
832
829
842
833
824
833
829
831
835
844
844
825
831
859
838
851
848
851
850
843
841
850
847
861
868
869
855
855
855
853
866
869
869
875
858
874
869
864
870
865
881
870
890
875
886
894
888
882
877
895
867
869
881
893
892
887
902
878
900
900
896
888
896
900
885
912
900
909
902
905
893
912
901
898
902
924
911
903
929
931
930
913
909
913
924
913
924
926
928
942
932
935
942
938
941
923
944
932
923
945
946
934
932
940
945
938
954
949
961
936
962
937
938
958
943
944
944
966
958
966
941
945
948
949
958
948
962
954
962
955
951
962
977
963
954
956
972
976
974
959
961
964
972
986
970
982
969
971
995
989
975
985
971
971
974
999
977
985
996
998
993
990
993
992
997
994
